2024,1704034800
2024,1704121200
2024,1704207600
2024,1704466800
2024,1704553200
2024,1704639600
2024,1705071600
2024,1705158000
2024,1705676400
2024,1705762800
2024,1706281200
2024,1706367600
2024,1706886000
2024,1706972400
2024,1707490800
2024,1707577200
2024,1707663600
2024,1708095600
2024,1708182000
2024,1708614000
2024,1708700400
2024,1708786800
2024,1709305200
2024,1709391600
2024,1709910000
2024,1709996400
2024,1710514800
2024,1710601200
2024,1710860400
2024,1711119600
2024,1711206000
2024,1711724400
2024,1711810800
2024,1712329200
2024,1712415600
2024,1712934000
2024,1713020400
2024,1713538800
2024,1713625200
2024,1714143600
2024,1714230000
2024,1714316400
2024,1714662000
2024,1714748400
2024,1714834800
2024,1714921200
2024,1715353200
2024,1715439600
2024,1715958000
2024,1716044400
2024,1716562800
2024,1716649200
2024,1717167600
2024,1717254000
2024,1717772400
2024,1717858800
2024,1718377200
2024,1718463600
2024,1718982000
2024,1719068400
2024,1719586800
2024,1719673200
2024,1720191600
2024,1720278000
2024,1720796400
2024,1720882800
2024,1720969200
2024,1721401200
2024,1721487600
2024,1722006000
2024,1722092400
2024,1722610800
2024,1722697200
2024,1723215600
2024,1723302000
2024,1723388400
2024,1723820400
2024,1723906800
2024,1724425200
2024,1724511600
2024,1725030000
2024,1725116400
2024,1725634800
2024,1725721200
2024,1726239600
2024,1726326000
2024,1726412400
2024,1726844400
2024,1726930800
2024,1727017200
2024,1727449200
2024,1727535600
2024,1728054000
2024,1728140400
2024,1728658800
2024,1728745200
2024,1728831600
2024,1729263600
2024,1729350000
2024,1729868400
2024,1729954800
2024,1730473200
2024,1730559600
2024,1730646000
2024,1731078000
2024,1731164400
2024,1731682800
2024,1731769200
2024,1732287600
2024,1732374000
2024,1732892400
2024,1732978800
2024,1733497200
2024,1733583600
2024,1734102000
2024,1734188400
2024,1734706800
2024,1734793200
2024,1735311600
2024,1735398000
2024,1735570800
