2025,1735657200
2025,1735743600
2025,1735830000
2025,1735916400
2025,1736002800
2025,1736521200
2025,1736607600
2025,1736694000
2025,1737126000
2025,1737212400
2025,1737730800
2025,1737817200
2025,1738335600
2025,1738422000
2025,1738940400
2025,1739026800
2025,1739199600
2025,1739545200
2025,1739631600
2025,1740150000
2025,1740236400
2025,1740322800
2025,1740754800
2025,1740841200
2025,1741359600
2025,1741446000
2025,1741964400
2025,1742050800
2025,1742396400
2025,1742569200
2025,1742655600
2025,1743174000
2025,1743260400
2025,1743778800
2025,1743865200
2025,1744383600
2025,1744470000
2025,1744988400
2025,1745074800
2025,1745593200
2025,1745679600
2025,1745852400
2025,1746198000
2025,1746284400
2025,1746370800
2025,1746457200
2025,1746802800
2025,1746889200
2025,1747407600
2025,1747494000
2025,1748012400
2025,1748098800
2025,1748617200
2025,1748703600
2025,1749222000
2025,1749308400
2025,1749826800
2025,1749913200
2025,1750431600
2025,1750518000
2025,1751036400
2025,1751122800
2025,1751641200
2025,1751727600
2025,1752246000
2025,1752332400
2025,1752850800
2025,1752937200
2025,1753023600
2025,1753455600
2025,1753542000
2025,1754060400
2025,1754146800
2025,1754665200
2025,1754751600
2025,1754838000
2025,1755270000
2025,1755356400
2025,1755874800
2025,1755961200
2025,1756479600
2025,1756566000
2025,1757084400
2025,1757170800
2025,1757689200
2025,1757775600
2025,1757862000
2025,1758294000
2025,1758380400
2025,1758553200
2025,1758898800
2025,1758985200
2025,1759503600
2025,1759590000
2025,1760108400
2025,1760194800
2025,1760281200
2025,1760713200
2025,1760799600
2025,1761318000
2025,1761404400
2025,1761922800
2025,1762009200
2025,1762095600
2025,1762527600
2025,1762614000
2025,1763132400
2025,1763218800
2025,1763737200
2025,1763823600
2025,1763910000
2025,1764342000
2025,1764428400
2025,1764946800
2025,1765033200
2025,1765551600
2025,1765638000
2025,1766156400
2025,1766242800
2025,1766761200
2025,1766847600
2025,1767106800
