2026,1767193200
2026,1767279600
2026,1767366000
2026,1767452400
2026,1767970800
2026,1768057200
2026,1768143600
2026,1768575600
2026,1768662000
2026,1769180400
2026,1769266800
2026,1769785200
2026,1769871600
2026,1770390000
2026,1770476400
2026,1770735600
2026,1770994800
2026,1771081200
2026,1771599600
2026,1771686000
2026,1771772400
2026,1772204400
2026,1772290800
2026,1772809200
2026,1772895600
2026,1773414000
2026,1773500400
2026,1773932400
2026,1774018800
2026,1774105200
2026,1774623600
2026,1774710000
2026,1775228400
2026,1775314800
2026,1775833200
2026,1775919600
2026,1776438000
2026,1776524400
2026,1777042800
2026,1777129200
2026,1777388400
2026,1777647600
2026,1777734000
2026,1777820400
2026,1777906800
2026,1777993200
2026,1778252400
2026,1778338800
2026,1778857200
2026,1778943600
2026,1779462000
2026,1779548400
2026,1780066800
2026,1780153200
2026,1780671600
2026,1780758000
2026,1781276400
2026,1781362800
2026,1781881200
2026,1781967600
2026,1782486000
2026,1782572400
2026,1783090800
2026,1783177200
2026,1783695600
2026,1783782000
2026,1784300400
2026,1784386800
2026,1784473200
2026,1784905200
2026,1784991600
2026,1785510000
2026,1785596400
2026,1786114800
2026,1786201200
2026,1786374000
2026,1786719600
2026,1786806000
2026,1787324400
2026,1787410800
2026,1787929200
2026,1788015600
2026,1788534000
2026,1788620400
2026,1789138800
2026,1789225200
2026,1789743600
2026,1789830000
2026,1789916400
2026,1790002800
2026,1790089200
2026,1790348400
2026,1790434800
2026,1790953200
2026,1791039600
2026,1791558000
2026,1791644400
2026,1791730800
2026,1792162800
2026,1792249200
2026,1792767600
2026,1792854000
2026,1793372400
2026,1793458800
2026,1793631600
2026,1793977200
2026,1794063600
2026,1794582000
2026,1794668400
2026,1795186800
2026,1795273200
2026,1795359600
2026,1795791600
2026,1795878000
2026,1796396400
2026,1796482800
2026,1797001200
2026,1797087600
2026,1797606000
2026,1797692400
2026,1798210800
2026,1798297200
2026,1798642800
